12.448
22.242
24.509
33.29
38.678
42.211
46.837
87.985
90.686
97.01
104.456
151.104
151.607
157.458
165.072
173.244
177.352
206.365
209.785
213.149
215.979
233.703
234.519
235.677
251.145
251.395
265.614
269.99
276.498
278.624
284.074
310.198
315.127
316.804
347.424
350.186
350.735
351.922
360.41
365.277
367.552
373.862
376.115
387.28
391.381
396.692
398.096
398.764
399.8
412.119
412.585
431.663
435.68
435.913
440.464
462.3
466.235
477.573
484.331
484.76
502.714
505.411
516.54
524.722
530.542
542.416
556.45
559.181
559.396
606.599
608.235
615.216
616.894
617.809
623.105
642.793
646.003
674.011
681.12
684.499
686.016
718.951
749.14
768.518
769.478
770.78
784.759
785.771
801.207
801.69
802.281
809.689
810.809
835.876
843.742
859.724
866.575
876.441
878.542
889.997
891.455
907.078
923.412
932.563
933.579
952.831
956.873
957.529
972.203
988.393
994.804
1008.648
1017.846
1022.584
1031.972
1041.543
1071.267
1071.324
1073.053
1078.872
1087.717
1102.08
1106.871
1113.46
1118.413
1133.018
1138.476
1142.877
1146.211
1146.902
1164.288
1179.41
1181.149
1189.167
1195.348
1222.971
1235.558
1245.73
1247.449
1252.148
1260.021
1276.57
1285.124
1287.862
1293.366
1299.55
1302.613
1311.318
1317.201
1331.776
1334.608
1342.614
1347.325
1355.507
1369.712
1389.059
1390.303
1392.456
1393.665
1419.282
1440.944
1442.996
1455.226
1460.752
1471.717
1494.709
1500.472
1502.254
1507.072
1509.833
1512.534
1531.641
1538.447
1551.443
1555.011
1555.89
1562.907
1563.349
1572.153
1573.876
1574.85
1586.057
1591.652
1592.506
1596.964
1600.226
1620.736
1639.22
1667.02
1674.652
1677.211
1684.311
1696.531
1706.059
1707.396
1709.301
1709.445
1722.357
1737.399
1739.147
1749.582
1763.367
1775.868
1786.319
1790.727
1827.787
1831.03
1840.449
1840.465
1867.68
1871.026
1874.971
1892.384
1923.82
1936.975
1941.436
1947.92
1948.779
1949.612
1950.139
1951.399
1962.067
1965.343
1968.872
1981.111
1982.265
1990.458
1993.308
2020.78
2023.302
2039.73
2048.65
2050.595
2058.531
2062.195
2063.682
2068.237
2070.633
2095.647
2103.246
2108.529
2114.128
2121.259
2166.664
2172.786
2172.924
2174.849
2191.455
2223.026
2227.218
2227.986
2236.633
2243.187
2244.437
2256.29
2261.154
2289.275
2290.129
2292.916
2305.559
2310.152
2339.963
2360.332
2380.767
2395.684
2430.183
2458.42
2481.141
2568.124
2568.245
2570.846
2580.086
2617.01
2617.182
2621.899
2628.812
2632.267
2638.197
2659.938
2662.68
2665.522
2670.559
2713.901
2728.373
2734.89
2745.71
2747.99
2752.759
2755.925
2778.514
2816.152
2837.874
2854.855
2857.209
2865.301
2870.969
2872.51
2882.771
2889.702
2892.917
2897.6
2902.423
2933.639
2957.061
2960.221
2966.866
2972.176
2972.231
2978.085
2995.347
2998.975
3010.083
3013.871
3030.484
3033.33
3040.84
3051.62
3065.911
3069.83
3075.381
3080.61
3085.048
3093.813
3103.785
3107.468
3131.818
3134.167
3134.655
3165.853
3175.858
3215.291
3226.279
3244.733
3252.022
3261.051
3275.341
3278.6
3282.437
3283.595
3296.041
3306.993
3311.464
3315.567
3326.758
3327.695
3332.882
3362.646
3363.021
3368.621
3373.41
3384.853
3386.151
3392.451
3395.294
3402.929
3403.93
3405.474
3407.449
3408.485
3419.331
3430.082
3434.005
3447.847
3450.18
3465.487
3476.081
3476.685
3488.071
3496.933
3508.139
3528.743
3528.848
3535.994
3555.755
3557.904
3569.165
3570.873
3577.63
3583.907
3584.559
3592.723
3593.624
3615.041
3617.827
3624.49
3626.027
3643.208
3662.68
3694.69
3704.401
3715.857
3728.581
3739.913
3742.693
3742.904
3745.574
3758.27
3773.404
3809.558
3815.535
3819.223
3825.904
3826.597
3846.157
3855.261
3856.628
3862.66
3866.386
3883.776
3917.567
3920.453
3967.643
4010.438
4010.872
4036.713
4048.693
4054.953
4064.685
4079.594
4097.814
4149.175
4152.011
4166.792
4188.29
4188.67
4191.268
4193.254
4194.876
4200.758
4209.418
4217.684
4218.418
4226.859
4246.799
4266.233
4296.574
4300.68
4304.514
4364.483
4374.005
4401.523
4403.301
4420.895
4448.917
4451.074
4454.356
4456.034
4457.128
4458.516
4468.818
4471.457
4474.799
4475.647
4483.728
4505.27
4513.734
4548.3
4567.357
4579.691
4592.563
4596.585
4607.302
4620.903
4640.599
4647.289
4654.869
4661.389
4706.668
4711.472
4725.344
4739.002
4756.595
4766.45
4777.937
4784.645
4793.678
4800.785
4815.235
4826.984
4835.115
4839.669
4850.627
4850.74
4874.295
4879.896
4883.805
4884.691
4901.622
4903.705
4903.781
4906.506
4907.84
4917.715
4924.438
4931.095
4935.204
4939.28
4943.939
4947.963
4950.295
4975.575
4983.211
5000.52
5020.355
5021.759
5035.086
5054.045
5057.151
5062.496
5063.203
5068.955
5073.239
5092.908
5095.228
5106.454
5109.299
5110.354
5112.3
5126.842
5139.129
5145.215
5164.767
5178.465
5186.885
5212.926
5226.727
5242.655
5275.301
5278.302
5303.249
5307.802
5310.02
5321.862
5333.834
5336.996
5348.343
5348.826
5352.086
5353.362
5356.584
5358.566
5385.414
5388.864
5401.903
5404.859
5409.882
5421.201
5424.337
5424.751
5429.051
5439.976
5449.649
5457.213
5498.054
5503.487
5510.583
5518.106
5545.574
5545.626
5558.85
5567.884
5579.342
5582.619
5594.899
5602.462
5603.404
5620.895
5622.831
5625.214
5631.807
5637.898
5663.697
5687.23
5695.15
5695.984
5712.539
5712.683
5731.949
5750.833
5755.506
5760.552
5770.192
5776.49
5781.058
5788.675
5796.897
5804.424
5816.043
5816.852
5823.79
5831.588
5846.28
5856.966
5880.801
5884.385
5887.53
5898.554
5904.058
5916.996
5918.698
5919.994
5945.865
5946.0
5946.903
5947.603
5950.823
5957.539
5959.979
5974.192
5975.129
5993.47
5998.496
6003.131
6032.899
6036.317
6057.984
6063.188
6085.369
6113.047
6122.227
6124.86
6137.064
6158.126
6161.078
6178.359
6197.08
6198.676
6206.595
6226.448
6228.787
6239.263
6267.01
6270.849
6284.535
6305.73
6307.838
6313.413
6316.432
6324.701
6334.071
6365.614
6374.737
6379.875
6388.646
6397.487
6405.153
6421.327
6426.982
6443.614
6444.562
6448.993
6450.616
6458.729
6471.247
6486.383
6486.542
6487.979
6502.73
6506.457
6513.252
6521.363
6530.106
6548.365
6553.406
6564.469
6569.957
6574.468
6576.904
6594.839
6605.245
6609.792
6610.352
6610.687
6614.722
6617.325
6626.32
6634.04
6652.546
6655.43
6661.25
6663.739
6664.001
6688.775
6694.265
6694.677
6699.663
6700.303
6729.463
6741.877
6760.492
6762.214
6772.088
6789.373
6797.921
6800.896
6801.319
6803.948
6841.294
6856.967
6870.373
6878.335
6886.588
6893.696
6894.754
6900.41
6909.207
6912.324
6920.043
6966.861
6977.826
6994.586
6996.047
7047.945
7051.064
7053.545
7054.525
7056.775
7063.293
7072.759
7074.828
7088.138
7088.503
7094.147
7095.845
7111.307
7112.877
7141.98
7144.095
7157.722
7172.06
7189.0
7195.859
7196.047
7197.521
7212.569
7216.895
7217.806
7219.657
7229.371
7232.213
7237.14
7242.21
7275.109
7286.855
7293.129
7320.843
7328.01
7338.282
7345.209
7347.969
7348.515
7371.483
7382.656
7384.448
7387.482
7389.55
7403.956
7406.271
7407.358
7415.023
7416.554
7440.018
7446.916
7449.592
7471.36
7472.795
7479.318
7479.744
7521.834
7527.26
7556.018
7596.476
7603.198
7609.869
7635.355
7657.851
7672.29
7673.664
7680.106
7690.793
7697.009
7698.643
7699.954
7731.403
7779.301
7780.498
7782.666
7813.983
7835.052
7836.501
7847.214
7851.851
7883.837
7884.721
7907.501
7923.419
7933.128
7953.971
7979.301
7979.425
7992.623
7994.504
8008.613
8009.741
8010.139
8016.198
8018.649
8018.655
8021.009
8054.623
8065.171
8080.135
8089.806
8100.228
8110.251
8113.048
8123.723
8148.499
8161.434
8170.403
8226.369
8234.056
8240.851
8243.89
8256.493
8258.486
8319.992
8336.137
8340.066
8352.573
8371.431
8382.397
8385.437
8385.593
8413.377
8426.18
8429.75
8452.818
8467.868
8477.88
8500.472
8510.511
8512.094
8520.682
8531.915
8532.58
8544.529
8548.808
8558.749
8566.755
8571.031
8577.829
8593.072
8614.483
8625.283
8625.704
8631.682
8633.588
8637.252
8662.053
8665.732
8671.365
8685.971
8698.504
8700.0
8709.347
8710.809
8733.997
8746.083
8746.891
8749.453
8791.641
8802.002
8803.956
8804.901
8810.678
8822.334
8834.894
8837.261
8838.317
8840.927
8852.833
8870.022
8882.308
8887.237
8890.209
8900.798
8901.902
8909.554
8914.239
8940.146
8943.341
8954.926
8964.798
8966.354
8969.607
8979.248
8979.655
8980.008
8986.26
9010.738
9027.741
9038.97
9042.974
9062.615
9066.878
9085.027
9085.209
9085.641
9086.935
9091.47
9092.635
9102.004
9102.01
9102.604
9106.637
9113.168
9118.077
9129.609
9140.089
9144.821
9160.102
9180.962
9184.329
9188.19
9197.194
9205.706
9209.975
9263.085
9272.852
9277.675
9301.1
9301.582
9302.696
9306.811
9316.507
9318.021
9331.601
9347.404
9351.081
9353.039
9369.213
9397.381
9398.892
9412.434
9414.571
9415.766
9428.053
9452.375
9472.245
9476.428
9477.728
9480.676
9483.91
9486.88
9492.704
9514.942
9515.883
9528.367
9559.658
9577.121
9578.188
9584.435
9597.574
9621.184
9621.585
9622.876
9630.237
9638.074
9638.239
9655.737
9658.437
9659.516
9660.278
9661.462
9666.341
9669.367
9683.422
9695.885
9701.407
9703.313
9709.511
9727.932
9749.769
9752.642
9753.017
9757.641
9758.991
9779.261
9783.53
9795.271
9795.666
9801.527
9808.463
9812.555
9815.063
9821.954
9849.789
9865.046
9872.038
