13.919
4.606
0.176
2.03
11.345
7.342
1.511
6.253
0.916
6.101
7.734
8.134
27.84
12.945
6.408
17.631
6.158
4.192
6.428
1.772
0.709
1.751
2.398
6.099
4.672
5.195
2.609
11.686
7.095
2.475
14.376
0.895
4.377
0.976
5.575
2.728
5.352
5.935
21.899
1.11
2.765
2.979
25.656
1.679
4.632
0.851
0.097
1.49
3.328
7.342
0.8
8.265
15.346
2.818
0.143
13.918
1.342
1.717
0.661
12.785
0.95
4.522
28.451
2.316
2.444
4.694
3.849
1.486
18.544
1.809
5.077
0.118
0.017
1.36
17.794
2.556
2.243
10.109
37.535
10.836
12.107
0.319
19.495
5.84
6.404
8.099
9.437
11.019
15.613
0.61
0.782
17.916
0.364
6.426
6.455
9.008
31.793
3.665
7.752
1.099
8.03
2.14
2.323
0.161
1.646
12.502
6.697
20.81
8.197
4.804
4.404
1.495
30.509
4.296
25.361
2.422
11.076
11.666
36.263
1.747
15.987
1.255
3.323
3.107
4.764
8.34
6.917
7.109
2.073
5.582
13.893
4.826
7.291
19.061
2.542
9.808
4.949
2.413
2.341
5.763
7.335
0.272
3.905
0.466
2.181
0.524
13.276
19.957
2.417
1.866
7.066
12.469
4.673
3.9
4.269
22.499
39.239
14.123
3.012
17.503
10.229
0.898
15.48
12.27
10.144
6.85
5.008
12.725
6.983
2.405
0.892
0.21
11.414
7.493
0.546
38.7
10.861
6.015
6.947
7.492
4.425
0.006
11.281
18.663
8.591
0.155
4.561
0.292
2.45
0.259
1.522
8.5
0.024
4.632
9.578
7.893
4.486
2.168
3.718
4.001
4.644
2.057
1.165
30.774
15.696
21.694
1.282
3.101
3.562
5.381
8.747
15.912
11.91
1.259
0.52
17.024
22.671
14.775
35.005
9.329
6.511
14.094
4.795
30.087
5.299
4.151
5.486
2.358
6.254
4.548
28.334
1.031
10.786
5.15
5.472
0.587
4.984
7.334
3.256
1.476
3.513
4.339
13.96
9.102
8.002
6.19
22.632
0.724
14.033
10.057
1.277
1.187
13.168
5.446
0.442
0.668
1.771
27.411
3.571
16.226
0.929
2.658
10.745
2.017
9.571
4.141
14.458
1.634
1.632
17.274
2.195
1.013
2.511
7.509
5.821
8.194
8.361
6.92
18.134
2.545
2.146
4.977
7.306
4.542
0.952
16.53
6.172
7.775
6.503
2.863
1.105
2.447
8.002
11.859
3.646
9.177
3.049
1.555
4.088
26.383
7.639
2.778
0.418
7.278
0.479
3.566
1.004
5.233
6.953
59.924
0.458
11.356
2.284
4.004
17.125
5.841
12.102
3.674
6.295
16.778
2.578
5.769
2.814
20.616
5.71
10.538
1.917
2.254
9.149
1.036
1.708
10.627
0.974
5.826
2.013
20.02
11.992
9.543
8.111
9.155
4.061
6.628
5.627
1.945
3.501
9.293
1.848
17.768
15.903
20.983
0.742
11.023
4.936
1.344
8.683
1.904
19.994
4.619
1.835
4.016
4.565
1.962
5.122
12.06
0.862
5.83
16.593
2.174
23.697
2.217
9.808
20.466
8.859
5.392
4.175
11.045
4.897
0.065
3.604
14.643
8.371
1.855
22.627
3.073
7.908
3.836
9.045
0.615
6.454
6.807
35.328
5.766
0.744
11.143
6.601
5.847
3.607
15.209
12.304
6.346
0.219
7.63
13.557
0.066
7.784
6.027
4.555
6.758
0.656
1.958
0.702
0.078
2.058
0.208
7.479
5.701
13.208
1.083
10.197
2.807
1.36
5.305
9.719
20.234
5.445
0.043
4.451
5.943
35.321
4.257
2.942
4.57
24.844
12.22
14.635
2.664
8.727
3.688
1.774
0.53
5.212
7.605
12.087
1.499
0.003
6.982
2.457
8.125
2.26
1.987
5.24
2.846
1.115
22.121
5.872
6.101
20.977
3.608
0.276
2.904
0.667
0.394
14.784
1.766
0.757
5.57
1.566
4.158
1.245
1.199
1.589
5.192
9.35
4.187
1.775
1.006
13.823
22.815
1.375
5.512
12.784
28.381
8.675
16.399
4.167
19.301
7.855
3.151
3.042
4.601
6.401
8.686
1.166
9.601
4.986
1.838
3.422
0.821
0.015
4.659
5.827
14.113
1.35
8.736
5.673
11.49
11.073
1.158
0.233
5.968
3.454
3.688
20.302
0.049
4.53
5.024
3.026
2.754
0.404
1.573
1.044
1.481
2.447
5.045
10.137
0.912
0.275
12.028
2.217
0.598
3.788
5.141
3.626
3.907
0.088
1.069
1.883
1.227
13.357
2.934
20.462
1.292
10.366
1.725
20.645
6.74
27.308
4.192
1.977
2.833
6.282
2.071
2.188
53.407
6.054
7.751
18.203
0.804
3.746
15.386
0.694
8.434
6.437
10.027
6.913
3.759
13.161
8.936
8.989
3.464
2.683
2.922
3.031
1.046
22.087
27.253
4.356
1.181
12.718
15.77
8.596
1.833
15.494
6.87
0.472
0.207
6.362
0.153
5.443
0.298
19.063
6.12
12.683
19.564
3.231
14.637
12.978
0.36
1.519
1.887
0.432
4.14
8.411
6.888
5.137
4.671
1.028
13.968
17.445
24.132
14.824
10.818
16.664
7.173
9.015
10.198
0.503
1.841
4.991
11.223
0.283
2.078
6.037
11.055
8.572
1.552
13.216
13.345
14.056
3.784
5.574
10.108
6.35
2.954
8.125
39.69
19.848
2.736
5.337
13.59
15.956
5.332
17.388
3.639
5.785
2.622
1.234
0.221
7.127
4.545
17.504
7.197
1.209
1.582
6.344
3.909
6.184
4.78
1.749
8.579
4.796
0.317
16.841
5.881
7.457
0.735
0.731
2.741
7.192
1.45
1.993
19.383
3.518
3.802
14.886
3.892
9.293
17.921
2.864
8.996
1.124
31.558
16.347
5.373
11.386
2.257
5.339
14.672
0.697
4.192
0.029
12.279
0.104
7.636
2.701
3.835
9.582
6.796
29.227
27.245
1.708
12.411
5.248
6.539
13.864
9.53
1.821
7.384
2.968
6.646
0.515
2.322
3.014
0.132
1.032
2.282
6.43
0.953
1.512
12.886
3.619
5.334
2.472
5.769
0.258
5.101
9.374
0.647
14.384
2.768
1.643
1.184
0.374
30.138
10.145
8.349
2.745
8.246
9.174
3.597
13.729
8.213
13.483
11.309
5.713
3.184
2.659
9.217
4.601
12.989
4.643
4.705
2.172
0.151
17.014
2.25
2.898
7.877
4.572
11.704
18.742
4.192
7.582
10.109
29.346
0.785
0.43
2.017
1.914
3.422
5.871
20.758
3.182
6.487
13.201
17.263
6.61
14.039
0.177
8.685
19.581
1.734
9.075
0.881
2.252
3.698
6.299
4.975
0.205
5.539
2.945
21.928
22.14
8.559
5.312
11.642
1.385
2.796
1.859
17.139
5.244
3.809
6.434
4.001
0.042
3.676
0.706
4.063
1.503
0.194
10.645
4.228
5.639
11.616
22.839
2.62
4.892
1.171
10.382
10.366
7.649
1.598
0.484
7.899
0.083
5.882
1.351
9.81
7.396
1.611
2.066
5.322
31.713
0.749
7.592
2.028
12.959
2.613
5.252
2.395
9.358
18.825
2.35
1.643
0.593
12.574
0.248
1.471
9.956
4.91
15.687
3.121
16.684
11.216
3.788
14.534
1.939
1.976
11.714
7.909
14.272
15.338
1.919
12.776
7.456
0.084
1.538
3.053
0.021
1.019
2.17
7.962
4.561
9.653
0.351
2.341
18.458
6.859
5.266
0.895
3.344
1.007
1.971
4.3
1.152
4.324
5.813
5.141
4.591
4.049
27.174
6.106
2.536
5.325
2.203
3.77
2.349
14.324
2.034
16.717
3.941
8.738
0.337
20.606
2.479
4.084
14.61
1.999
3.49
4.547
2.931
26.164
5.247
11.441
10.831
2.5
16.237
1.049
0.234
0.773
8.609
16.493
24.07
0.147
6.865
4.254
0.319
16.55
0.165
3.541
0.868
0.908
0.853
1.582
1.52
2.752
0.783
5.521
2.536
4.522
2.826
3.234
0.022
5.45
0.938
8.803
1.817
1.985
8.367
7.749
12.516
4.258
6.429
0.004
0.845
7.339
7.097
0.907
1.211
6.302
8.661
1.772
3.447
6.825
7.737
9.114
1.641
4.152
0.213
2.341
10.162
4.808
11.505
3.679
6.564
10.75
4.167
2.5
11.782
2.312
1.319
9.483
4.759
0.986
7.933
2.144
8.072
2.933
24.863
0.212
11.615
9.962
0.271
2.856
4.009
12.053
1.465
24.01
16.084
7.334
